00000000101000000000010010010011
00000000000000000000001010010011
00000100100100101101001001100011
00000000000000000000001100010011
00000000000000000000111000010011
01000000010101001000001110110011
11111111111100111000001110010011
00000010011100110101010001100011
00000000000011100010111100000011
00000000010011100010111110000011
00000001111011111010111010110011
00000000000011101000011001100011
00000001111111100010000000100011
00000001111011100010001000100011
00000000000100110000001100010011
00000000010011100000111000010011
11111101110111111111000001101111
00000000000100101000001010010011
11111100000111111111000001101111